z1=3+j*4; z2=2+j*3;
z1z2=z1*z2
z1_over_z2=z1/z2

